0 3 3 0 2 704 0.66 0.01 10.44
1 3 4 0 2 571 0.73 0.01 11.44
2 3 5 0 2 592 0.85 0.01 12.44
3 3 6 0 2 698 0.59 0.01 12.44
4 3 7 0 2 1359 0.30 0.01 13.44
5 3 8 0 2 1844 0.11 0.01 13.44
6 3 9 0 2 1837 0.11 0.01 14.44
7 3 10 0 2 1822 0.20 0.01 13.44
8 3 11 0 2 1806 0.25 0.01 11.44
9 3 12 0 2 1791 0.24 0.01 11.44
10 3 13 0 2 1816 0.30 0.01 11.44
11 3 14 0 2 1839 0.28 0.01 11.44
12 3 15 0 2 1881 0.22 0.01 12.44
0 4 3 1 7 269 3.14 0.00 12.44
1 4 4 1 7 260 3.74 0.01 12.44
2 4 5 1 7 260 3.84 0.01 12.44
3 4 6 1 7 263 3.57 0.01 12.44
4 4 7 1 2 557 0.88 0.01 13.44
5 4 8 1 2 1698 0.14 0.01 13.44
6 4 9 1 2 1801 0.16 0.01 14.44
7 4 10 1 2 1720 0.31 0.00 13.44
8 4 11 1 2 1795 0.36 0.00 12.44
9 4 12 1 2 1769 0.45 0.01 12.44
10 4 13 1 2 1786 0.48 0.00 12.44
11 4 14 1 2 1813 0.36 0.01 12.22
12 4 15 1 2 1842 0.28 0.01 13.22
0 5 3 2 0 220 10.19 0.01 12.44
1 5 4 2 0 218 11.46 0.01 12.44
2 5 5 2 0 220 11.45 0.00 13.44
3 5 6 2 0 245 6.11 0.01 13.44
4 5 7 2 7 309 1.55 0.01 14.44
5 5 8 2 2 1564 0.19 0.01 14.44
6 5 9 2 2 1785 0.22 0.01 13.44
7 5 10 2 2 1783 0.27 0.00 12.44
8 5 11 2 2 1754 0.44 0.01 12.44
9 5 12 2 2 1753 0.51 0.01 12.44
10 5 13 2 2 1762 0.61 0.01 13.44
11 5 14 2 2 1786 0.55 0.01 13.22
12 5 15 2 2 1798 0.39 0.01 13.22
0 6 3 3 0 222 13.46 0.02 13.44
1 6 4 3 0 219 15.23 0.02 13.44
2 6 5 3 0 221 15.21 0.01 13.44
3 6 6 3 0 238 7.92 0.00 13.44
4 6 7 3 7 281 2.18 0.01 14.44
5 6 8 3 2 1153 0.29 0.01 14.44
6 6 9 3 2 1560 0.34 0.01 13.44
7 6 10 3 2 1673 0.36 0.01 13.44
8 6 11 3 2 1732 0.52 0.01 13.44
9 6 12 3 2 1745 0.58 0.01 13.44
10 6 13 3 2 1763 0.66 0.02 14.44
11 6 14 3 2 1771 0.55 0.01 13.22
12 6 15 3 2 1796 0.38 0.01 13.22
0 7 3 4 0 219 15.80 0.02 14.44
1 7 4 4 0 217 17.90 0.02 14.44
2 7 5 4 0 217 18.14 0.01 14.44
3 7 6 4 0 230 10.16 0.01 14.44
4 7 7 4 7 273 3.07 0.01 14.44
5 7 8 4 2 681 0.64 0.01 14.44
6 7 9 4 2 813 0.63 0.01 13.44
7 7 10 4 2 1245 0.58 0.01 13.44
8 7 11 4 2 1694 0.65 0.02 13.44
9 7 12 4 2 1724 0.79 0.00 13.44
10 7 13 4 2 1755 0.70 0.02 14.44
11 7 14 4 2 1767 0.66 0.01 14.22
12 7 15 4 2 1785 0.54 0.01 14.22
0 8 3 5 0 219 14.66 0.02 13.44
1 8 4 5 0 215 16.80 0.02 13.44
2 8 5 5 0 214 17.20 0.02 14.44
3 8 6 5 0 228 9.09 0.01 14.44
4 8 7 5 7 238 3.72 0.01 14.44
5 8 8 5 7 277 1.91 0.00 14.44
6 8 9 5 2 383 1.48 0.01 13.44
7 8 10 5 2 490 1.32 0.01 13.44
8 8 11 5 2 1045 0.98 0.01 13.44
9 8 12 5 2 1668 0.85 0.01 13.44
10 8 13 5 2 1727 0.79 0.02 14.44
11 8 14 5 2 1768 0.71 0.01 14.44
12 8 15 5 2 1786 0.53 0.01 14.44
0 9 3 6 0 225 9.51 0.02 12.44
1 9 4 6 0 225 11.38 0.02 12.44
2 9 5 6 0 220 12.64 0.01 14.44
3 9 6 6 0 217 9.27 0.01 14.44
4 9 7 6 7 218 5.51 0.01 14.44
5 9 8 6 7 233 3.68 0.01 14.44
6 9 9 6 7 263 2.93 0.01 14.44
7 9 10 6 7 288 2.31 0.01 14.44
8 9 11 6 2 405 1.48 0.01 14.44
9 9 12 6 2 1606 1.07 0.01 14.44
10 9 13 6 2 1736 0.82 0.01 14.44
11 9 14 6 2 1759 0.66 0.01 13.44
12 9 15 6 2 1764 0.54 0.01 13.44
0 10 3 7 0 229 7.78 0.00 12.44
1 10 4 7 0 221 9.23 0.01 12.44
2 10 5 7 0 214 10.82 0.01 14.44
3 10 6 7 0 213 9.66 0.01 14.44
4 10 7 7 0 214 7.18 0.01 14.44
5 10 8 7 7 219 5.73 0.02 14.44
6 10 9 7 7 230 4.47 0.01 14.44
7 10 10 7 7 264 3.18 0.01 14.44
8 10 11 7 7 376 1.73 0.01 14.44
9 10 12 7 2 1221 1.17 0.01 14.44
10 10 13 7 2 1733 0.73 0.01 14.44
11 10 14 7 2 1764 0.64 0.01 13.44
12 10 15 7 2 1769 0.55 0.01 13.44
0 11 3 8 0 227 6.94 0.00 12.44
1 11 4 8 0 224 7.47 0.01 11.44
2 11 5 8 0 210 9.28 0.01 13.44
3 11 6 8 0 205 9.51 0.01 13.44
4 11 7 8 0 208 8.21 0.01 13.44
5 11 8 8 0 212 7.66 0.01 14.44
6 11 9 8 7 221 5.75 0.01 13.44
7 11 10 8 7 246 3.82 0.01 13.44
8 11 11 8 7 327 1.98 0.01 13.44
9 11 12 8 2 1114 1.08 0.01 13.44
10 11 13 8 2 1733 0.67 0.01 14.44
11 11 14 8 2 1751 0.59 0.01 13.44
12 11 15 8 2 1833 0.38 0.02 12.44
0 12 3 9 0 230 6.35 0.01 13.22
1 12 4 9 0 229 6.83 0.01 12.22
2 12 5 9 0 219 7.98 0.01 12.22
3 12 6 9 0 218 8.23 0.00 12.22
4 12 7 9 0 210 7.18 0.01 12.22
5 12 8 9 0 211 6.89 0.01 13.22
6 12 9 9 7 225 5.51 0.01 13.22
7 12 10 9 7 252 3.67 0.01 13.44
8 12 11 9 7 346 1.77 0.01 13.44
9 12 12 9 2 1124 1.02 0.01 13.44
10 12 13 9 2 1744 0.63 0.01 14.44
11 12 14 9 2 1765 0.44 0.01 13.44
12 12 15 9 2 1799 0.26 0.02 12.44
0 13 3 10 7 243 4.66 0.00 13.22
1 13 4 10 0 241 4.66 0.01 12.22
2 13 5 10 7 231 5.26 0.01 11.22
3 13 6 10 7 227 5.78 0.01 11.22
4 13 7 10 0 224 5.34 0.00 12.22
5 13 8 10 0 225 5.70 0.01 13.22
6 13 9 10 7 244 4.38 0.01 13.22
7 13 10 10 7 263 2.98 0.01 13.44
8 13 11 10 2 539 1.48 0.01 13.44
9 13 12 10 2 1438 0.77 0.01 13.44
10 13 13 10 2 1740 0.50 0.01 14.44
11 13 14 10 2 1806 0.37 0.01 14.44
12 13 15 10 2 1851 0.31 0.01 13.44
0 14 3 11 7 256 3.02 0.00 13.22
1 14 4 11 7 269 2.83 0.01 12.00
2 14 5 11 7 254 3.28 0.01 11.00
3 14 6 11 7 259 3.63 0.00 11.00
4 14 7 11 7 251 3.18 0.00 12.00
5 14 8 11 7 241 3.48 0.01 13.00
6 14 9 11 7 264 2.84 0.01 13.00
7 14 10 11 7 300 2.09 0.02 13.22
8 14 11 11 2 572 1.19 0.01 13.22
9 14 12 11 2 1673 0.53 0.01 13.44
10 14 13 11 2 1794 0.43 0.01 14.44
11 14 14 11 2 1814 0.34 0.01 14.44
12 14 15 11 2 1893 0.15 0.01 13.44
0 15 3 12 2 470 1.20 0.01 12.22
1 15 4 12 2 416 1.48 0.01 13.00
2 15 5 12 7 332 1.59 0.01 12.00
3 15 6 12 7 320 1.58 0.01 12.00
4 15 7 12 2 426 1.38 0.01 13.00
5 15 8 12 2 413 1.47 0.01 13.00
6 15 9 12 2 427 1.41 0.02 14.00
7 15 10 12 2 455 1.34 0.01 14.22
8 15 11 12 2 783 0.89 0.02 14.22
9 15 12 12 2 1510 0.49 0.01 14.44
10 15 13 12 2 1817 0.27 0.01 13.44
11 15 14 12 2 1832 0.27 0.00 13.44
12 15 15 12 2 1876 0.20 0.01 13.44