0 3 3 0 2 1957 0.12 0.01 10.44
1 3 4 0 2 1863 0.20 0.01 11.44
2 3 5 0 2 1823 0.34 0.00 12.44
3 3 6 0 2 1798 0.38 0.01 12.44
4 3 7 0 2 1784 0.49 0.01 13.44
5 3 8 0 2 1773 0.54 0.01 13.44
6 3 9 0 2 1800 0.63 0.01 14.44
7 3 10 0 2 1798 0.52 0.01 13.44
8 3 11 0 2 1820 0.45 0.01 11.44
9 3 12 0 2 1816 0.37 0.01 11.44
10 3 13 0 2 1836 0.29 0.01 11.44
11 3 14 0 2 1888 0.21 0.01 11.44
12 3 15 0 2 1934 0.14 0.01 12.44
0 4 3 1 2 1836 0.27 0.01 12.44
1 4 4 1 2 1790 0.30 0.01 12.44
2 4 5 1 2 1777 0.44 0.01 12.44
3 4 6 1 2 1790 0.49 0.01 12.44
4 4 7 1 2 1771 0.62 0.01 13.44
5 4 8 1 2 1786 0.63 0.01 13.44
6 4 9 1 2 1774 0.56 0.02 14.44
7 4 10 1 2 1785 0.54 0.01 13.44
8 4 11 1 2 1784 0.55 0.01 12.44
9 4 12 1 2 1815 0.50 0.01 12.44
10 4 13 1 2 1833 0.41 0.00 12.44
11 4 14 1 2 1828 0.27 0.02 12.22
12 4 15 1 2 1880 0.23 0.01 13.22
0 5 3 2 2 1795 0.34 0.01 12.44
1 5 4 2 2 1773 0.53 0.01 12.44
2 5 5 2 2 1760 0.64 0.01 13.44
3 5 6 2 2 1752 0.73 0.01 13.44
4 5 7 2 2 1756 0.79 0.01 14.44
5 5 8 2 2 1758 0.84 0.01 14.44
6 5 9 2 2 1752 0.69 0.01 13.44
7 5 10 2 2 1766 0.75 0.00 12.44
8 5 11 2 2 1783 0.58 0.01 12.44
9 5 12 2 2 1794 0.55 0.01 12.44
10 5 13 2 2 1803 0.54 0.01 13.44
11 5 14 2 2 1798 0.45 0.01 13.22
12 5 15 2 2 1835 0.31 0.01 13.22
0 6 3 3 2 1754 0.57 0.02 13.44
1 6 4 3 2 1758 0.67 0.02 13.44
2 6 5 3 2 1757 0.79 0.01 13.44
3 6 6 3 2 1734 0.84 0.01 13.44
4 6 7 3 2 1738 0.86 0.01 14.44
5 6 8 3 2 1749 0.90 0.01 14.44
6 6 9 3 2 1767 0.79 0.01 13.44
7 6 10 3 2 1741 0.73 0.01 13.44
8 6 11 3 2 1778 0.67 0.01 13.44
9 6 12 3 2 1789 0.58 0.02 13.44
10 6 13 3 2 1788 0.63 0.01 14.44
11 6 14 3 2 1794 0.48 0.01 13.22
12 6 15 3 2 1850 0.33 0.02 13.22
0 7 3 4 2 1752 0.80 0.02 14.44
1 7 4 4 2 1747 0.85 0.02 14.44
2 7 5 4 2 1729 0.98 0.01 14.44
3 7 6 4 2 1741 0.99 0.01 14.44
4 7 7 4 2 1729 0.94 0.02 14.44
5 7 8 4 2 1739 1.02 0.01 14.44
6 7 9 4 2 1753 0.83 0.01 13.44
7 7 10 4 2 1769 0.70 0.01 13.44
8 7 11 4 2 1758 0.73 0.01 13.44
9 7 12 4 2 1767 0.66 0.02 13.44
10 7 13 4 2 1798 0.69 0.01 14.44
11 7 14 4 2 1799 0.64 0.01 14.22
12 7 15 4 2 1823 0.45 0.01 14.22
0 8 3 5 2 1765 0.84 0.01 13.44
1 8 4 5 2 1747 0.90 0.02 13.44
2 8 5 5 2 1721 1.07 0.01 14.44
3 8 6 5 2 1733 1.11 0.01 14.44
4 8 7 5 2 1738 1.02 0.01 14.44
5 8 8 5 2 1731 0.88 0.01 14.44
6 8 9 5 2 1751 0.80 0.01 13.44
7 8 10 5 2 1745 0.66 0.01 13.44
8 8 11 5 2 1765 0.74 0.01 13.44
9 8 12 5 2 1766 0.71 0.01 13.44
10 8 13 5 2 1788 0.69 0.02 14.44
11 8 14 5 2 1813 0.58 0.01 14.44
12 8 15 5 2 1828 0.49 0.01 14.44
0 9 3 6 2 1743 0.70 0.02 12.44
1 9 4 6 2 1751 0.87 0.02 12.44
2 9 5 6 2 1744 1.05 0.01 14.44
3 9 6 6 2 1728 1.15 0.01 14.44
4 9 7 6 2 1745 0.94 0.01 14.44
5 9 8 6 2 1726 0.80 0.02 14.44
6 9 9 6 2 1747 0.78 0.01 14.44
7 9 10 6 2 1752 0.72 0.02 14.44
8 9 11 6 2 1767 0.75 0.01 14.44
9 9 12 6 2 1787 0.66 0.01 14.44
10 9 13 6 2 1789 0.66 0.01 14.44
11 9 14 6 2 1808 0.61 0.01 13.44
12 9 15 6 2 1796 0.45 0.01 13.44
0 10 3 7 2 1768 0.62 0.01 12.44
1 10 4 7 2 1746 0.79 0.01 12.44
2 10 5 7 2 1734 1.02 0.01 14.44
3 10 6 7 2 1740 0.96 0.01 14.44
4 10 7 7 2 1741 0.88 0.01 14.44
5 10 8 7 2 1765 0.86 0.01 14.44
6 10 9 7 2 1739 0.82 0.01 14.44
7 10 10 7 2 1764 0.75 0.01 14.44
8 10 11 7 2 1766 0.71 0.01 14.44
9 10 12 7 2 1766 0.66 0.01 14.44
10 10 13 7 2 1770 0.60 0.02 14.44
11 10 14 7 2 1813 0.49 0.02 13.44
12 10 15 7 2 1831 0.45 0.01 13.44
0 11 3 8 2 1775 0.51 0.01 12.44
1 11 4 8 2 1767 0.65 0.00 11.44
2 11 5 8 2 1760 0.82 0.01 13.44
3 11 6 8 2 1759 0.80 0.01 13.44
4 11 7 8 2 1745 0.74 0.01 13.44
5 11 8 8 2 1750 0.91 0.01 14.44
6 11 9 8 2 1761 0.74 0.01 13.44
7 11 10 8 2 1765 0.66 0.01 13.44
8 11 11 8 2 1777 0.60 0.01 13.44
9 11 12 8 2 1788 0.59 0.01 13.44
10 11 13 8 2 1789 0.62 0.01 14.44
11 11 14 8 2 1805 0.48 0.01 13.44
12 11 15 8 2 1840 0.35 0.02 12.44
0 12 3 9 2 1808 0.45 0.01 13.22
1 12 4 9 2 1784 0.56 0.01 12.22
2 12 5 9 2 1754 0.55 0.01 12.22
3 12 6 9 2 1755 0.62 0.01 12.22
4 12 7 9 2 1774 0.73 0.00 12.22
5 12 8 9 2 1764 0.70 0.01 13.22
6 12 9 9 2 1769 0.65 0.01 13.22
7 12 10 9 2 1778 0.59 0.01 13.44
8 12 11 9 2 1776 0.56 0.01 13.44
9 12 12 9 2 1792 0.54 0.01 13.44
10 12 13 9 2 1816 0.50 0.01 14.44
11 12 14 9 2 1813 0.38 0.01 13.44
12 12 15 9 2 1885 0.23 0.02 12.44
0 13 3 10 2 1834 0.27 0.01 13.22
1 13 4 10 2 1818 0.38 0.00 12.22
2 13 5 10 2 1760 0.37 0.01 11.22
3 13 6 10 2 1778 0.44 0.01 11.22
4 13 7 10 2 1776 0.55 0.01 12.22
5 13 8 10 2 1755 0.63 0.01 13.22
6 13 9 10 2 1784 0.52 0.01 13.22
7 13 10 10 2 1790 0.65 0.01 13.44
8 13 11 10 2 1794 0.56 0.01 13.44
9 13 12 10 2 1810 0.49 0.01 13.44
10 13 13 10 2 1810 0.45 0.01 14.44
11 13 14 10 2 1852 0.35 0.01 14.44
12 13 15 10 2 1898 0.20 0.02 13.44
0 14 3 11 2 1855 0.23 0.01 13.22
1 14 4 11 2 1829 0.24 0.01 12.00
2 14 5 11 2 1815 0.34 0.00 11.00
3 14 6 11 2 1790 0.34 0.01 11.00
4 14 7 11 2 1806 0.35 0.01 12.00
5 14 8 11 2 1794 0.48 0.01 13.00
6 14 9 11 2 1789 0.49 0.01 13.00
7 14 10 11 2 1803 0.47 0.01 13.22
8 14 11 11 2 1796 0.41 0.01 13.22
9 14 12 11 2 1828 0.39 0.01 13.44
10 14 13 11 2 1838 0.31 0.01 14.44
11 14 14 11 2 1836 0.24 0.01 14.44
12 14 15 11 2 1931 0.14 0.01 13.44
0 15 3 12 2 1947 0.11 0.01 12.22
1 15 4 12 2 1873 0.21 0.00 13.00
2 15 5 12 2 1907 0.18 0.01 12.00
3 15 6 12 2 1860 0.21 0.01 12.00
4 15 7 12 2 1847 0.34 0.01 13.00
5 15 8 12 2 1815 0.40 0.01 13.00
6 15 9 12 2 1820 0.46 0.01 14.00
7 15 10 12 2 1832 0.44 0.02 14.22
8 15 11 12 2 1838 0.35 0.02 14.22
9 15 12 12 2 1853 0.34 0.01 14.44
10 15 13 12 2 1915 0.22 0.01 13.44
11 15 14 12 2 1943 0.09 0.02 13.44
12 15 15 12 2 2031 0.15 0.01 13.44