
0 3 3 0 2 386 1.20 0.01 10.44
1 3 4 0 7 177 2.19 0.01 11.44
2 3 5 0 7 158 3.13 0.01 12.44
3 3 6 0 7 156 3.63 0.01 12.44
4 3 7 0 7 148 5.08 0.00 13.44
5 3 8 0 0 121 6.95 0.01 13.44
6 3 9 0 0 102 9.83 0.01 14.44
7 3 10 0 0 100 10.45 0.01 13.44
8 3 11 0 0 103 9.65 0.00 11.44
9 3 12 0 0 113 7.57 0.01 11.44
10 3 13 0 7 145 4.36 0.01 11.44
11 3 14 0 7 168 3.16 0.01 11.44
12 3 15 0 7 205 2.16 0.01 12.44
0 4 3 1 7 117 4.95 0.01 12.44
1 4 4 1 0 102 8.26 0.01 12.44
2 4 5 1 0 95 10.44 0.00 12.44
3 4 6 1 0 99 10.92 0.00 12.44
4 4 7 1 0 96 12.60 0.01 13.44
5 4 8 1 0 91 16.62 0.02 13.44
6 4 9 1 0 82 22.42 0.01 14.44
7 4 10 1 0 85 19.02 0.01 12.44
8 4 11 1 0 81 21.47 0.01 12.44
9 4 12 1 0 87 14.66 0.01 11.44
10 4 13 1 0 111 8.52 0.01 12.44
11 4 14 1 7 130 6.38 0.01 12.22
12 4 15 1 7 161 4.09 0.01 13.22
0 5 3 2 0 95 11.07 0.01 12.44
1 5 4 2 0 85 17.16 0.01 12.44
2 5 5 2 0 88 21.37 0.01 13.44
3 5 6 2 0 89 19.20 0.01 12.44
4 5 7 2 0 83 20.93 0.01 12.44
5 5 8 2 0 83 21.47 0.01 10.44
6 5 9 2 0 80 21.13 0.01 9.44
7 5 10 2 0 75 24.17 0.01 8.44
8 5 11 2 0 92 10.80 0.00 4.44
9 5 12 2 0 85 16.12 0.00 8.00
10 5 13 2 0 94 12.61 0.00 9.44
11 5 14 2 0 111 10.65 0.01 13.22
12 5 15 2 7 133 6.66 0.01 13.22
0 6 3 3 0 86 19.73 0.02 13.44
1 6 4 3 0 81 26.57 0.02 13.44
2 6 5 3 0 76 27.32 0.01 10.00
3 6 6 3 0 75 19.85 0.00 5.44
4 6 7 3 0 78 18.78 0.00 5.44
5 6 8 3 0 75 19.05 0.00 5.44
6 6 9 3 0 69 23.23 0.00 5.44
7 6 10 3 0 83 14.85 0.00 4.44
8 6 11 3 0 80 17.10 0.00 5.44
9 6 12 3 0 87 12.78 0.01 5.44
10 6 13 3 0 95 14.97 0.01 8.44
11 6 14 3 0 104 12.74 0.01 11.22
12 6 15 3 0 125 8.77 0.01 13.22
0 7 3 4 0 78 31.24 0.02 14.44
1 7 4 4 0 74 30.59 0.02 9.22
2 7 5 4 0 60 46.91 0.00 6.00
3 7 6 4 0 75 13.40 0.00 2.44
4 7 7 4 0 78 13.62 0.00 2.44
5 7 8 4 0 68 16.12 0.00 2.44
6 7 9 4 0 69 18.05 0.00 3.00
7 7 10 4 0 70 19.44 0.00 3.22
8 7 11 4 0 82 13.63 0.00 3.22
9 7 12 4 0 79 18.41 0.00 4.44
10 7 13 4 0 107 8.55 0.00 4.44
11 7 14 4 0 104 13.86 0.01 10.22
12 7 15 4 0 110 12.77 0.01 14.22
0 8 3 5 0 72 40.31 0.02 13.44
1 8 4 5 0 59 43.40 0.00 6.44
2 8 5 5 0 56 33.34 0.00 2.44
3 8 6 5 0 68 13.94 0.00 1.44
4 8 7 5 0 55 36.75 0.00 2.00
5 8 8 5 0 73 9.69 0.00 1.00
6 8 9 5 0 69 18.30 0.00 2.00
7 8 10 5 0 74 14.05 0.00 2.00
8 8 11 5 0 72 16.83 0.00 2.44
9 8 12 5 0 91 9.21 0.00 2.44
10 8 13 5 0 93 12.77 0.00 5.22
11 8 14 5 0 98 13.16 0.00 8.00
12 8 15 5 0 112 11.03 0.01 12.00
0 9 3 6 0 70 49.09 0.02 12.44
1 9 4 6 0 58 45.14 0.00 5.00
2 9 5 6 0 57 31.48 0.00 2.00
3 9 6 6 0 78 10.81 0.00 1.22
4 9 7 6 0 51 37.84 0.00 2.22
5 9 8 6 0 73 9.75 0.00 1.00
6 9 9 6 0 67 18.05 0.00 2.00
7 9 10 6 0 71 13.95 0.00 2.00
8 9 11 6 0 75 16.76 0.00 2.44
9 9 12 6 0 89 9.10 0.00 2.44
10 9 13 6 0 89 13.88 0.00 5.22
11 9 14 6 0 96 13.80 0.00 7.44
12 9 15 6 0 104 12.13 0.00 9.44
0 10 3 7 0 68 48.23 0.01 12.44
1 10 4 7 0 54 44.73 0.00 5.00
2 10 5 7 0 54 31.80 0.00 2.22
3 10 6 7 0 80 7.61 0.00 1.22
4 10 7 7 0 51 38.23 0.00 2.44
5 10 8 7 0 81 7.59 0.00 1.22
6 10 9 7 0 63 19.26 0.00 2.44
7 10 10 7 0 73 15.28 0.00 2.44
8 10 11 7 0 72 15.10 0.00 2.44
9 10 12 7 0 93 7.86 0.00 2.44
10 10 13 7 0 91 14.66 0.00 6.00
11 10 14 7 0 100 11.90 0.00 8.00
12 10 15 7 0 103 13.65 0.01 13.44
0 11 3 8 0 73 42.21 0.00 12.44
1 11 4 8 0 56 44.11 0.00 5.44
2 11 5 8 0 59 33.32 0.00 2.44
3 11 6 8 0 70 10.91 0.00 1.44
4 11 7 8 0 53 38.33 0.00 2.44
5 11 8 8 0 81 7.54 0.00 1.22
6 11 9 8 0 60 24.02 0.00 3.22
7 11 10 8 0 78 15.27 0.00 2.44
8 11 11 8 0 83 11.35 0.00 3.00
9 11 12 8 0 81 18.01 0.00 5.22
10 11 13 8 0 89 11.13 0.00 5.44
11 11 14 8 0 99 12.70 0.01 9.44
12 11 15 8 0 110 10.31 0.01 12.44
0 12 3 9 0 76 31.20 0.00 13.22
1 12 4 9 0 50 51.24 0.00 8.22
2 12 5 9 7 107 5.02 0.00 2.22
3 12 6 9 0 40 75.73 0.01 8.22
4 12 7 9 0 79 7.59 0.00 2.00
5 12 8 9 0 46 51.48 0.00 5.22
6 12 9 9 0 82 8.82 0.00 2.00
7 12 10 9 0 61 28.19 0.00 4.44
8 12 11 9 0 82 11.34 0.00 3.00
9 12 12 9 0 77 16.08 0.00 5.22
10 12 13 9 0 93 10.50 0.00 6.44
11 12 14 9 0 99 12.40 0.01 12.22
12 12 15 9 0 124 7.12 0.01 12.44
0 13 3 10 0 85 15.60 0.01 13.22
1 13 4 10 0 82 17.66 0.01 12.22
2 13 5 10 0 73 28.10 0.01 11.22
3 13 6 10 0 65 25.83 0.00 7.22
4 13 7 10 0 72 17.45 0.00 5.22
5 13 8 10 0 71 17.56 0.00 5.22
6 13 9 10 0 77 15.91 0.00 5.22
7 13 10 10 0 82 14.10 0.00 5.44
8 13 11 10 0 92 10.86 0.00 5.44
9 13 12 10 0 82 20.21 0.00 10.00
10 13 13 10 0 93 13.16 0.00 9.44
11 13 14 10 0 117 8.69 0.01 14.22
12 13 15 10 7 148 4.96 0.01 13.44
0 14 3 11 0 99 7.59 0.00 13.22
1 14 4 11 0 96 8.75 0.01 12.00
2 14 5 11 0 87 12.94 0.00 11.00
3 14 6 11 0 82 15.32 0.00 11.00
4 14 7 11 0 77 18.43 0.00 12.00
5 14 8 11 0 76 25.13 0.01 13.00
6 14 9 11 0 80 17.63 0.01 10.00
7 14 10 11 0 79 20.72 0.01 11.22
8 14 11 11 0 85 16.04 0.01 10.22
9 14 12 11 0 95 11.80 0.00 12.44
10 14 13 11 0 109 9.92 0.01 14.44
11 14 14 11 7 132 6.37 0.01 14.44
12 14 15 11 7 164 3.98 0.01 13.44
0 15 3 12 7 158 2.14 0.01 12.22
1 15 4 12 7 128 3.54 0.01 13.00
2 15 5 12 7 135 4.02 0.00 12.00
3 15 6 12 7 136 4.40 0.01 12.00
4 15 7 12 7 121 6.40 0.01 13.00
5 15 8 12 0 109 8.06 0.01 13.00
6 15 9 12 0 100 10.39 0.01 14.00
7 15 10 12 0 103 10.87 0.02 14.22
8 15 11 12 0 105 8.94 0.02 14.22
9 15 12 12 0 119 6.63 0.01 14.44
10 15 13 12 7 155 4.07 0.01 13.44
11 15 14 12 7 169 3.56 0.01 13.44
12 15 15 12 7 188 2.76 0.01 13.44