0 3 3 0 2 986 0.38 0.00 10.44
1 3 4 0 2 884 0.56 0.00 11.44
2 3 5 0 7 364 1.76 0.01 12.44
3 3 6 0 7 299 4.23 0.01 12.44
4 3 7 0 0 286 6.69 0.01 13.44
5 3 8 0 0 280 7.96 0.01 13.44
6 3 9 0 0 277 8.44 0.01 14.44
7 3 10 0 0 286 6.37 0.01 13.44
8 3 11 0 7 299 4.43 0.00 11.44
9 3 12 0 7 317 3.22 0.01 11.44
10 3 13 0 7 339 2.32 0.00 11.44
11 3 14 0 7 362 1.68 0.01 11.44
12 3 15 0 2 563 1.08 0.01 12.44
0 4 3 1 2 817 0.52 0.01 12.44
1 4 4 1 2 625 0.86 0.01 12.44
2 4 5 1 7 324 2.52 0.01 12.44
3 4 6 1 0 291 5.34 0.01 12.44
4 4 7 1 0 278 8.00 0.01 13.44
5 4 8 1 0 274 9.47 0.01 13.44
6 4 9 1 0 275 9.39 0.01 14.44
7 4 10 1 0 282 7.20 0.01 13.44
8 4 11 1 7 289 5.02 0.01 12.44
9 4 12 1 7 301 3.98 0.01 12.44
10 4 13 1 7 328 2.83 0.01 12.44
11 4 14 1 7 340 2.20 0.01 12.22
12 4 15 1 2 517 1.41 0.01 13.22
0 5 3 2 2 763 0.57 0.01 12.44
1 5 4 2 2 578 0.84 0.01 12.44
2 5 5 2 7 316 2.80 0.01 13.44
3 5 6 2 0 285 5.70 0.01 13.44
4 5 7 2 0 274 8.56 0.01 14.44
5 5 8 2 0 269 9.84 0.01 14.44
6 5 9 2 0 271 9.38 0.01 13.44
7 5 10 2 0 275 7.23 0.01 12.44
8 5 11 2 0 289 4.95 0.01 12.44
9 5 12 2 7 303 3.94 0.01 12.44
10 5 13 2 7 326 3.20 0.01 13.44
11 5 14 2 7 344 2.52 0.01 13.22
12 5 15 2 7 376 1.59 0.01 13.22
0 6 3 3 2 995 0.48 0.01 13.44
1 6 4 3 2 615 0.76 0.02 13.44
2 6 5 3 7 326 2.45 0.01 13.44
3 6 6 3 7 291 4.11 0.01 13.44
4 6 7 3 0 280 6.27 0.01 14.44
5 6 8 3 0 276 7.52 0.01 14.44
6 6 9 3 0 274 6.91 0.00 13.44
7 6 10 3 0 282 5.91 0.01 13.44
8 6 11 3 7 301 4.50 0.01 13.44
9 6 12 3 7 317 3.53 0.01 13.44
10 6 13 3 7 319 2.97 0.01 14.44
11 6 14 3 7 355 2.14 0.01 13.22
12 6 15 3 2 509 1.41 0.01 13.22
0 7 3 4 2 1441 0.23 0.02 14.44
1 7 4 4 2 875 0.54 0.02 14.44
2 7 5 4 2 513 1.29 0.01 14.44
3 7 6 4 7 344 2.07 0.01 14.44
4 7 7 4 7 301 3.29 0.01 14.44
5 7 8 4 7 294 4.20 0.01 14.44
6 7 9 4 7 292 4.12 0.02 13.44
7 7 10 4 7 303 3.74 0.01 13.44
8 7 11 4 7 324 2.82 0.01 13.44
9 7 12 4 7 357 2.15 0.01 13.44
10 7 13 4 7 367 1.88 0.01 14.44
11 7 14 4 7 423 1.56 0.01 14.22
12 7 15 4 2 606 1.12 0.01 14.22
0 8 3 5 2 1838 0.21 0.02 13.44
1 8 4 5 2 1648 0.34 0.02 13.44
2 8 5 5 2 1580 0.54 0.01 14.44
3 8 6 5 2 699 1.05 0.01 14.44
4 8 7 5 7 387 1.86 0.01 14.44
5 8 8 5 7 353 2.30 0.01 14.44
6 8 9 5 7 346 2.55 0.01 13.44
7 8 10 5 7 354 2.40 0.01 13.44
8 8 11 5 7 392 1.75 0.02 13.44
9 8 12 5 2 556 1.41 0.01 13.44
10 8 13 5 2 619 1.38 0.01 14.44
11 8 14 5 2 678 1.09 0.01 14.44
12 8 15 5 2 829 0.86 0.01 14.44
0 9 3 6 2 1828 0.23 0.02 12.44
1 9 4 6 2 1783 0.41 0.01 12.44
2 9 5 6 2 1738 0.51 0.01 14.44
3 9 6 6 2 1659 0.75 0.00 14.44
4 9 7 6 2 1206 1.22 0.00 14.44
5 9 8 6 2 739 1.44 0.01 14.44
6 9 9 6 7 477 1.70 0.02 14.44
7 9 10 6 7 492 1.79 0.01 14.44
8 9 11 6 2 671 1.50 0.01 14.44
9 9 12 6 2 826 1.26 0.01 14.44
10 9 13 6 2 1182 1.01 0.01 14.44
11 9 14 6 2 1438 0.81 0.01 13.44
12 9 15 6 2 1565 0.60 0.01 13.44
0 10 3 7 2 1820 0.27 0.01 12.44
1 10 4 7 2 1781 0.44 0.01 12.44
2 10 5 7 2 1752 0.57 0.01 14.44
3 10 6 7 2 1706 0.75 0.01 14.44
4 10 7 7 2 1644 0.97 0.01 14.44
5 10 8 7 2 1529 1.20 0.01 14.44
6 10 9 7 2 1355 1.43 0.01 14.44
7 10 10 7 2 1442 1.35 0.01 14.44
8 10 11 7 2 1548 1.30 0.00 14.44
9 10 12 7 2 1619 1.08 0.01 14.44
10 10 13 7 2 1651 0.84 0.01 14.44
11 10 14 7 2 1674 0.66 0.01 13.44
12 10 15 7 2 1706 0.59 0.01 13.44
0 11 3 8 2 1816 0.27 0.02 12.44
1 11 4 8 2 1791 0.37 0.01 11.44
2 11 5 8 2 1756 0.64 0.01 13.44
3 11 6 8 2 1753 0.75 0.01 13.44
4 11 7 8 2 1727 0.91 0.00 13.44
5 11 8 8 2 1696 1.02 0.01 14.44
6 11 9 8 2 1684 1.02 0.01 13.44
7 11 10 8 2 1692 1.02 0.01 13.44
8 11 11 8 2 1712 0.89 0.01 13.44
9 11 12 8 2 1724 0.74 0.01 13.44
10 11 13 8 2 1750 0.68 0.01 14.44
11 11 14 8 2 1764 0.60 0.00 13.44
12 11 15 8 2 1802 0.37 0.02 12.44
0 12 3 9 2 1802 0.40 0.00 13.22
1 12 4 9 2 1794 0.38 0.01 12.22
2 12 5 9 2 1765 0.58 0.01 12.22
3 12 6 9 2 1761 0.63 0.01 12.22
4 12 7 9 2 1741 0.80 0.00 12.22
5 12 8 9 2 1729 0.84 0.01 13.22
6 12 9 9 2 1743 0.76 0.02 13.22
7 12 10 9 2 1740 0.86 0.01 13.44
8 12 11 9 2 1753 0.72 0.01 13.44
9 12 12 9 2 1742 0.67 0.01 13.44
10 12 13 9 2 1763 0.63 0.01 14.44
11 12 14 9 2 1791 0.47 0.01 13.44
12 12 15 9 2 1840 0.34 0.01 12.44
0 13 3 10 2 1837 0.28 0.01 13.22
1 13 4 10 2 1823 0.29 0.01 12.22
2 13 5 10 2 1809 0.40 0.00 11.22
3 13 6 10 2 1794 0.57 0.00 11.22
4 13 7 10 2 1750 0.61 0.01 12.22
5 13 8 10 2 1763 0.71 0.01 13.22
6 13 9 10 2 1772 0.75 0.02 13.22
7 13 10 10 2 1767 0.76 0.01 13.44
8 13 11 10 2 1758 0.59 0.02 13.44
9 13 12 10 2 1773 0.57 0.01 13.44
10 13 13 10 2 1802 0.42 0.01 14.44
11 13 14 10 2 1830 0.41 0.01 14.44
12 13 15 10 2 1860 0.23 0.02 13.44
0 14 3 11 2 1895 0.18 0.01 13.22
1 14 4 11 2 1843 0.26 0.00 12.00
2 14 5 11 2 1852 0.30 0.00 11.00
3 14 6 11 2 1843 0.34 0.01 11.00
4 14 7 11 2 1780 0.52 0.01 12.00
5 14 8 11 2 1791 0.63 0.01 13.00
6 14 9 11 2 1776 0.68 0.00 13.00
7 14 10 11 2 1779 0.60 0.01 13.22
8 14 11 11 2 1792 0.52 0.01 13.22
9 14 12 11 2 1804 0.44 0.01 13.44
10 14 13 11 2 1804 0.42 0.01 14.44
11 14 14 11 2 1849 0.25 0.01 14.44
12 14 15 11 2 1909 0.20 0.01 13.44
0 15 3 12 2 1972 0.18 0.00 12.22
1 15 4 12 2 1931 0.24 0.00 13.00
2 15 5 12 2 1910 0.22 0.01 12.00
3 15 6 12 2 1842 0.27 0.01 12.00
4 15 7 12 2 1813 0.44 0.00 13.00
5 15 8 12 2 1824 0.47 0.01 13.00
6 15 9 12 2 1796 0.42 0.02 14.00
7 15 10 12 2 1799 0.48 0.02 14.22
8 15 11 12 2 1817 0.40 0.02 14.22
9 15 12 12 2 1845 0.33 0.01 14.44
10 15 13 12 2 1871 0.27 0.01 13.44
11 15 14 12 2 1904 0.16 0.01 13.44
12 15 15 12 2 1907 0.12 0.01 13.44