0 3 3 0 7 243 2.17 0.00 10.44
1 3 4 0 7 228 2.85 0.01 11.44
2 3 5 0 7 208 4.88 0.01 12.44
3 3 6 0 7 202 6.23 0.01 12.44
4 3 7 0 0 197 7.27 0.01 13.44
5 3 8 0 0 199 6.78 0.01 13.44
6 3 9 0 7 216 4.78 0.01 14.44
7 3 10 0 7 248 2.61 0.01 13.44
8 3 11 0 7 300 1.66 0.01 11.44
9 3 12 0 7 293 1.74 0.01 11.44
10 3 13 0 7 255 2.15 0.00 11.44
11 3 14 0 7 259 2.32 0.00 11.44
12 3 15 0 7 252 2.39 0.01 12.44
0 4 3 1 7 205 3.80 0.00 12.44
1 4 4 1 7 195 5.34 0.01 12.44
2 4 5 1 0 183 8.09 0.00 12.44
3 4 6 1 0 184 9.66 0.01 12.44
4 4 7 1 0 181 10.81 0.01 13.44
5 4 8 1 0 190 9.49 0.01 13.44
6 4 9 1 0 200 5.97 0.01 14.44
7 4 10 1 7 217 3.63 0.01 13.44
8 4 11 1 7 245 2.32 0.01 12.44
9 4 12 1 7 239 2.73 0.01 12.44
10 4 13 1 7 220 3.88 0.00 12.44
11 4 14 1 7 215 3.99 0.00 12.22
12 4 15 1 7 225 3.99 0.01 13.22
0 5 3 2 7 189 5.61 0.00 12.44
1 5 4 2 0 175 7.91 0.01 12.44
2 5 5 2 0 175 11.52 0.00 13.44
3 5 6 2 0 174 13.63 0.00 13.44
4 5 7 2 0 173 15.02 0.01 14.44
5 5 8 2 0 177 12.72 0.01 14.44
6 5 9 2 0 188 7.62 0.01 13.44
7 5 10 2 7 202 4.32 0.01 12.44
8 5 11 2 7 217 3.05 0.00 12.44
9 5 12 2 7 213 3.86 0.00 12.44
10 5 13 2 7 200 5.77 0.01 13.44
11 5 14 2 0 194 6.22 0.00 13.22
12 5 15 2 0 203 6.21 0.01 13.22
0 6 3 3 0 178 6.93 0.02 13.44
1 6 4 3 0 177 9.13 0.02 13.44
2 6 5 3 0 170 12.41 0.01 13.44
3 6 6 3 0 168 14.84 0.00 13.44
4 6 7 3 0 167 16.07 0.01 14.44
5 6 8 3 0 172 13.67 0.01 14.44
6 6 9 3 0 184 8.44 0.00 13.44
7 6 10 3 7 192 5.38 0.01 13.44
8 6 11 3 7 197 3.95 0.01 13.44
9 6 12 3 7 196 4.80 0.01 13.44
10 6 13 3 0 188 6.77 0.01 14.44
11 6 14 3 0 193 7.05 0.01 13.22
12 6 15 3 0 194 6.63 0.01 13.22
0 7 3 4 0 173 7.66 0.02 14.44
1 7 4 4 0 173 9.92 0.02 14.44
2 7 5 4 0 167 13.38 0.01 14.44
3 7 6 4 0 165 15.43 0.01 14.44
4 7 7 4 0 167 16.79 0.01 14.44
5 7 8 4 0 167 14.32 0.00 14.44
6 7 9 4 0 162 11.66 0.01 13.44
7 7 10 4 0 161 9.89 0.00 13.44
8 7 11 4 0 167 8.45 0.00 13.44
9 7 12 4 0 165 9.12 0.00 13.44
10 7 13 4 0 175 8.53 0.01 14.44
11 7 14 4 0 187 7.82 0.01 14.22
12 7 15 4 0 190 7.02 0.01 14.22
0 8 3 5 0 176 7.69 0.02 13.44
1 8 4 5 0 169 11.02 0.02 13.44
2 8 5 5 0 166 14.89 0.01 14.44
3 8 6 5 0 165 16.78 0.01 14.44
4 8 7 5 0 164 18.15 0.01 14.44
5 8 8 5 0 147 23.40 0.02 14.44
6 8 9 5 0 147 18.53 0.01 12.22
7 8 10 5 0 136 25.78 0.01 13.00
8 8 11 5 0 139 21.18 0.00 10.00
9 8 12 5 0 145 16.16 0.01 9.44
10 8 13 5 0 157 9.86 0.01 10.44
11 8 14 5 0 184 7.70 0.01 14.44
12 8 15 5 7 194 6.52 0.01 14.44
0 9 3 6 0 164 8.36 0.02 12.44
1 9 4 6 0 166 13.80 0.02 12.44
2 9 5 6 0 162 18.48 0.01 14.44
3 9 6 6 0 160 20.12 0.01 14.44
4 9 7 6 0 159 21.55 0.01 14.22
5 9 8 6 0 145 26.52 0.01 13.00
6 9 9 6 0 138 25.88 0.01 9.44
7 9 10 6 0 133 26.82 0.00 6.44
8 9 11 6 0 139 16.36 0.00 4.44
9 9 12 6 0 144 12.95 0.00 5.22
10 9 13 6 0 143 17.22 0.00 8.00
11 9 14 6 7 190 4.81 0.00 9.22
12 9 15 6 7 197 5.27 0.01 13.44
0 10 3 7 0 162 10.13 0.01 12.44
1 10 4 7 0 156 15.49 0.01 12.44
2 10 5 7 0 156 21.40 0.00 14.44
3 10 6 7 0 159 20.83 0.00 13.44
4 10 7 7 0 156 20.52 0.01 12.44
5 10 8 7 0 141 27.73 0.01 12.00
6 10 9 7 0 136 32.20 0.00 8.44
7 10 10 7 0 140 17.33 0.00 5.22
8 10 11 7 0 135 24.09 0.00 6.00
9 10 12 7 0 136 16.39 0.00 4.44
10 10 13 7 7 178 4.81 0.00 5.22
11 10 14 7 0 181 6.49 0.01 13.44
12 10 15 7 7 204 4.82 0.00 13.44
0 11 3 8 0 158 11.40 0.01 12.44
1 11 4 8 0 160 15.41 0.01 11.44
2 11 5 8 0 157 21.33 0.01 13.44
3 11 6 8 0 155 21.62 0.00 12.44
4 11 7 8 0 155 21.84 0.00 11.44
5 11 8 8 0 136 35.92 0.00 10.44
6 11 9 8 0 137 23.55 0.00 5.44
7 11 10 8 0 139 18.59 0.00 4.44
8 11 11 8 0 136 16.96 0.00 4.44
9 11 12 8 0 145 12.39 0.00 5.22
10 11 13 8 0 143 16.05 0.00 8.22
11 11 14 8 7 189 4.28 0.00 9.44
12 11 15 8 7 204 4.35 0.02 12.44
0 12 3 9 0 161 11.82 0.01 13.22
1 12 4 9 0 160 15.15 0.01 12.22
2 12 5 9 0 157 18.84 0.00 12.22
3 12 6 9 0 155 21.50 0.00 12.22
4 12 7 9 0 156 21.66 0.00 11.22
5 12 8 9 0 142 25.42 0.00 9.22
6 12 9 9 0 144 14.75 0.00 5.22
7 12 10 9 0 143 15.33 0.00 5.44
8 12 11 9 0 143 13.40 0.00 5.44
9 12 12 9 0 140 21.44 0.00 8.00
10 12 13 9 7 170 4.97 0.00 6.44
11 12 14 9 0 189 5.73 0.01 13.44
12 12 15 9 7 207 4.59 0.01 12.44
0 13 3 10 0 166 10.54 0.00 13.22
1 13 4 10 0 167 12.25 0.00 12.22
2 13 5 10 0 163 15.16 0.00 11.22
3 13 6 10 0 161 18.34 0.00 11.22
4 13 7 10 0 159 20.47 0.01 12.22
5 13 8 10 0 159 17.95 0.00 11.22
6 13 9 10 0 148 19.92 0.01 12.22
7 13 10 10 0 144 17.82 0.01 12.22
8 13 11 10 0 147 15.18 0.01 13.44
9 13 12 10 0 151 12.53 0.00 13.44
10 13 13 10 0 169 7.43 0.01 14.44
11 13 14 10 7 193 5.33 0.00 14.44
12 13 15 10 7 201 4.71 0.02 13.44
0 14 3 11 0 177 7.85 0.00 13.22
1 14 4 11 0 176 9.45 0.01 12.00
2 14 5 11 0 176 11.25 0.01 11.00
3 14 6 11 0 169 14.16 0.00 11.00
4 14 7 11 0 170 15.79 0.00 12.00
5 14 8 11 0 166 14.92 0.01 13.00
6 14 9 11 0 171 10.23 0.01 13.00
7 14 10 11 0 171 7.36 0.00 13.22
8 14 11 11 7 181 5.01 0.01 13.22
9 14 12 11 7 195 3.40 0.01 13.44
10 14 13 11 7 209 4.41 0.01 14.44
11 14 14 11 7 205 4.41 0.01 14.44
12 14 15 11 7 206 4.10 0.01 13.44
0 15 3 12 7 196 5.22 0.00 12.22
1 15 4 12 0 183 8.21 0.00 13.00
2 15 5 12 0 187 9.43 0.00 12.00
3 15 6 12 0 182 11.02 0.00 12.00
4 15 7 12 0 180 12.27 0.00 13.00
5 15 8 12 0 187 9.41 0.01 13.00
6 15 9 12 7 199 6.30 0.02 14.00
7 15 10 12 7 205 4.05 0.01 14.22
8 15 11 12 7 236 2.54 0.01 14.22
9 15 12 12 7 239 2.60 0.00 14.44
10 15 13 12 7 223 3.07 0.01 13.44
11 15 14 12 7 219 3.29 0.00 13.44
12 15 15 12 7 217 3.28 0.01 13.44