0 3 3 0 2 1050 0.42 0.00 10.44
1 3 4 0 7 409 2.93 0.01 11.44
2 3 5 0 0 379 9.98 0.01 12.44
3 3 6 0 0 373 17.37 0.01 12.44
4 3 7 0 0 375 19.50 0.01 13.44
5 3 8 0 0 369 18.02 0.02 13.44
6 3 9 0 0 373 11.91 0.02 14.44
7 3 10 0 7 402 4.16 0.01 13.44
8 3 11 0 7 441 1.80 0.00 11.44
9 3 12 0 2 674 0.85 0.00 11.44
10 3 13 0 2 1471 0.20 0.01 11.44
11 3 14 0 2 1656 0.20 0.01 11.44
12 3 15 0 2 1720 0.22 0.01 12.44
0 4 3 1 2 1157 0.43 0.01 12.44
1 4 4 1 7 421 2.63 0.01 12.44
2 4 5 1 7 408 3.52 0.01 12.44
3 4 6 1 0 380 9.69 0.01 12.44
4 4 7 1 0 381 11.14 0.01 13.44
5 4 8 1 0 381 9.65 0.01 13.44
6 4 9 1 0 386 7.61 0.01 14.44
7 4 10 1 7 415 2.70 0.01 13.44
8 4 11 1 2 588 1.32 0.01 12.44
9 4 12 1 2 788 0.66 0.01 12.44
10 4 13 1 2 1541 0.34 0.00 12.44
11 4 14 1 2 1780 0.28 0.01 12.22
12 4 15 1 2 1885 0.17 0.01 13.22
0 5 3 2 2 1754 0.41 0.00 12.44
1 5 4 2 2 1006 0.76 0.01 12.44
2 5 5 2 7 489 1.73 0.01 13.44
3 5 6 2 7 457 2.44 0.01 13.44
4 5 7 2 7 434 2.89 0.01 14.44
5 5 8 2 7 433 2.77 0.01 14.44
6 5 9 2 7 468 1.99 0.01 13.44
7 5 10 2 2 627 1.32 0.00 12.44
8 5 11 2 2 966 0.86 0.01 12.44
9 5 12 2 2 1316 0.57 0.01 12.44
10 5 13 2 2 1851 0.45 0.01 13.44
11 5 14 2 2 1831 0.40 0.01 13.22
12 5 15 2 2 1923 0.26 0.01 13.22
0 6 3 3 2 1890 0.33 0.02 13.44
1 6 4 3 2 1642 0.72 0.02 13.44
2 6 5 3 2 819 1.35 0.00 13.44
3 6 6 3 7 581 1.59 0.01 13.44
4 6 7 3 7 543 1.88 0.01 14.44
5 6 8 3 7 549 1.85 0.01 14.44
6 6 9 3 2 722 1.41 0.01 13.44
7 6 10 3 2 1060 1.09 0.02 13.44
8 6 11 3 2 1634 0.89 0.01 13.44
9 6 12 3 2 1800 0.64 0.01 13.44
10 6 13 3 2 1850 0.50 0.02 14.44
11 6 14 3 2 1878 0.45 0.01 13.22
12 6 15 3 2 1886 0.29 0.02 13.22
0 7 3 4 2 1918 0.55 0.02 14.44
1 7 4 4 2 1874 0.88 0.01 14.44
2 7 5 4 2 1818 1.04 0.01 14.44
3 7 6 4 2 1801 1.06 0.01 14.44
4 7 7 4 2 1787 1.14 0.01 14.44
5 7 8 4 2 1782 1.23 0.01 14.44
6 7 9 4 2 1803 0.95 0.01 13.44
7 7 10 4 2 1836 0.84 0.01 13.44
8 7 11 4 2 1859 0.81 0.01 13.44
9 7 12 4 2 1866 0.81 0.00 13.44
10 7 13 4 2 1897 0.61 0.01 14.44
11 7 14 4 2 1914 0.59 0.01 14.22
12 7 15 4 2 1932 0.44 0.01 14.22
0 8 3 5 2 1897 0.52 0.02 13.44
1 8 4 5 2 1884 0.79 0.02 13.44
2 8 5 5 2 1865 1.02 0.01 14.44
3 8 6 5 2 1856 1.02 0.01 14.44
4 8 7 5 2 1848 1.13 0.01 14.44
5 8 8 5 2 1849 1.05 0.01 14.44
6 8 9 5 2 1846 0.92 0.01 13.44
7 8 10 5 2 1860 0.85 0.01 13.44
8 8 11 5 2 1871 0.80 0.01 13.44
9 8 12 5 2 1883 0.77 0.01 13.44
10 8 13 5 2 1900 0.66 0.01 14.44
11 8 14 5 2 1932 0.58 0.01 14.44
12 8 15 5 2 1929 0.45 0.01 14.44
0 9 3 6 2 1896 0.60 0.02 12.44
1 9 4 6 2 1916 0.84 0.01 12.44
2 9 5 6 2 1896 1.01 0.00 14.44
3 9 6 6 2 1888 0.99 0.01 14.44
4 9 7 6 2 1872 0.92 0.01 14.44
5 9 8 6 2 1877 1.02 0.01 14.44
6 9 9 6 2 1872 0.91 0.01 14.44
7 9 10 6 2 1880 0.91 0.00 14.44
8 9 11 6 2 1875 0.82 0.01 14.44
9 9 12 6 2 1881 0.84 0.01 14.44
10 9 13 6 2 1916 0.71 0.01 14.44
11 9 14 6 2 1906 0.55 0.01 13.44
12 9 15 6 2 1942 0.45 0.01 13.44
0 10 3 7 2 1918 0.50 0.01 12.44
1 10 4 7 2 1908 0.71 0.01 12.44
2 10 5 7 2 1876 0.85 0.01 14.44
3 10 6 7 2 1876 0.95 0.01 14.44
4 10 7 7 2 1873 0.91 0.02 14.44
5 10 8 7 2 1874 0.98 0.01 14.44
6 10 9 7 2 1870 0.91 0.01 14.44
7 10 10 7 2 1889 0.83 0.01 14.44
8 10 11 7 2 1891 0.77 0.01 14.44
9 10 12 7 2 1904 0.70 0.01 14.44
10 10 13 7 2 1894 0.68 0.01 14.44
11 10 14 7 2 1936 0.58 0.01 13.44
12 10 15 7 2 1931 0.30 0.02 13.44
0 11 3 8 2 1913 0.45 0.00 12.44
1 11 4 8 2 1910 0.52 0.00 11.44
2 11 5 8 2 1896 0.72 0.01 13.44
3 11 6 8 2 1885 0.75 0.01 13.44
4 11 7 8 2 1898 0.87 0.01 13.44
5 11 8 8 2 1878 0.80 0.02 14.44
6 11 9 8 2 1893 0.72 0.01 13.44
7 11 10 8 2 1880 0.77 0.01 13.44
8 11 11 8 2 1885 0.70 0.01 13.44
9 11 12 8 2 1899 0.70 0.01 13.44
10 11 13 8 2 1894 0.61 0.01 14.44
11 11 14 8 2 1903 0.48 0.01 13.44
12 11 15 8 2 1941 0.27 0.02 12.44
0 12 3 9 2 1949 0.39 0.00 13.22
1 12 4 9 2 1937 0.37 0.01 12.22
2 12 5 9 2 1906 0.57 0.01 12.22
3 12 6 9 2 1898 0.58 0.01 12.22
4 12 7 9 2 1891 0.63 0.01 12.22
5 12 8 9 2 1913 0.63 0.01 13.22
6 12 9 9 2 1897 0.63 0.02 13.22
7 12 10 9 2 1874 0.73 0.01 13.44
8 12 11 9 2 1895 0.69 0.01 13.44
9 12 12 9 2 1892 0.63 0.01 13.44
10 12 13 9 2 1921 0.53 0.01 14.44
11 12 14 9 2 1940 0.44 0.01 13.44
12 12 15 9 2 1920 0.27 0.02 12.44
0 13 3 10 2 1937 0.27 0.01 13.22
1 13 4 10 2 1948 0.33 0.01 12.22
2 13 5 10 2 1934 0.39 0.01 11.22
3 13 6 10 2 1905 0.45 0.01 11.22
4 13 7 10 2 1902 0.52 0.01 12.22
5 13 8 10 2 1893 0.56 0.02 13.22
6 13 9 10 2 1907 0.57 0.02 13.22
7 13 10 10 2 1890 0.68 0.01 13.44
8 13 11 10 2 1898 0.59 0.01 13.44
9 13 12 10 2 1909 0.51 0.01 13.44
10 13 13 10 2 1905 0.41 0.01 14.44
11 13 14 10 2 1934 0.32 0.01 14.44
12 13 15 10 2 1963 0.23 0.01 13.44
0 14 3 11 2 1985 0.13 0.01 13.22
1 14 4 11 2 1937 0.19 0.01 12.00
2 14 5 11 2 1929 0.25 0.01 11.00
3 14 6 11 2 1930 0.38 0.00 11.00
4 14 7 11 2 1944 0.39 0.01 12.00
5 14 8 11 2 1908 0.46 0.01 13.00
6 14 9 11 2 1922 0.51 0.01 13.00
7 14 10 11 2 1888 0.52 0.01 13.22
8 14 11 11 2 1884 0.49 0.01 13.22
9 14 12 11 2 1911 0.43 0.01 13.44
10 14 13 11 2 1930 0.35 0.01 14.44
11 14 14 11 2 1952 0.25 0.01 14.44
12 14 15 11 2 2007 0.17 0.01 13.44
0 15 3 12 2 2042 0.12 0.01 12.22
1 15 4 12 2 2023 0.16 0.01 13.00
2 15 5 12 2 1986 0.25 0.00 12.00
3 15 6 12 2 1989 0.25 0.01 12.00
4 15 7 12 2 1949 0.32 0.01 13.00
5 15 8 12 2 1923 0.42 0.01 13.00
6 15 9 12 2 1916 0.49 0.02 14.00
7 15 10 12 2 1951 0.34 0.02 14.22
8 15 11 12 2 1916 0.34 0.02 14.22
9 15 12 12 2 1922 0.34 0.01 14.44
10 15 13 12 2 1981 0.19 0.01 13.44
11 15 14 12 2 1996 0.21 0.01 13.44
12 15 15 12 2 2054 0.15 0.01 13.44